-0.11168654911880535	0.12223676978859165
-0.11168654911880535	0.11255443435746487
-0.11168654911880535	0.10475913145909635
-0.11168654911880535	0.10475742899793367
-0.11168654911880535	0.10475742899793367
-0.11168654911880535	0.09548058064209572
-0.11168654911880535	0.09527252075143844
-0.11168654911880535	0.09527150937384735
-0.11168654911880535	0.09527150914901804
-0.11168654911880535	0.09527150914901804
-0.11168654911880535	0.05178649232626149
-0.11168654911880535	0.048233836353516205
-0.11168654911880535	0.04809880226675678
-0.11168654911880535	0.0480983185892986
-0.11168654911880535	0.04809831704812767
-0.11168654911880535	0.04809831704812767
-0.11168654911880535	0.044346041501032676
-0.11168654911880535	0.044333994124964506
-0.11168654911880535	0.044333237042926354
-0.11168654911880535	0.04433306540717752
-0.11168654911880535	0.04433305191151316
-0.11168654911880535	0.04433305191151316
-0.11168654911880535	-0.009347185921572989
-0.11168654911880535	-0.020931241778031393
-0.11168654911880535	-0.028702582036357543
-0.11168654911880535	-0.029223396056673723
-0.11168654911880535	-0.031701110992182854
-0.11168654911880535	-0.03178189354679463
-0.11168654911880535	-0.03181616700708575
-0.11168654911880535	-0.03181945621492885
-0.11168654911880535	-0.03181954210094691
-0.11168654911880535	-0.03181954564232411
-0.11168654911880535	-0.0318195456455092
-0.11168654911880535	-0.0318195456455092
-0.11168654911880535	-0.05691437131642259
-0.11168654911880535	-0.058204104547724005
-0.11168654911880535	-0.05844333910780104
-0.11168654911880535	-0.058498567683871565
-0.11168654911880535	-0.058510398883568425
-0.11168654911880535	-0.05851366750644183
-0.11168654911880535	-0.0585143292822272
-0.11168654911880535	-0.05851451932178654
-0.11168654911880535	-0.058514519572366176
-0.11168654911880535	-0.058514519572366176
-0.11168654911880535	-0.06370909751109821
-0.11168654911880535	-0.06777986802105966
-0.11168654911880535	-0.06864873838169323
-0.11168654911880535	-0.06870385843265306
-0.11168654911880535	-0.0687145559211992
-0.11168654911880535	-0.0687151780902226
-0.11168654911880535	-0.06871565392001174
-0.11168654911880535	-0.0687156782003877
-0.11168654911880535	-0.06871568137449131
-0.11168654911880535	-0.0687156814156484
-0.11168654911880535	-0.0687156814156484
-0.11168654911880535	-0.07742938311077607
-0.11168654911880535	-0.08085619656284174
-0.11168654911880535	-0.08236051729303276
-0.11168654911880535	-0.08274161222713078
-0.11168654911880535	-0.08286732777142802
-0.11168654911880535	-0.0828729113195934
-0.11168654911880535	-0.08287346366878315
-0.11168654911880535	-0.08287358609219708
-0.11168654911880535	-0.08287358695922618
-0.11168654911880535	-0.08287358700727725
-0.11168654911880535	-0.08287358700727725
-0.11168654911880535	-0.08504283766987644
-0.11168654911880535	-0.08528154854464663
-0.11168654911880535	-0.08532979043666772
-0.11168654911880535	-0.08536960221899131
-0.11168654911880535	-0.08537638201466677
-0.11168654911880535	-0.0853782654895148
-0.11168654911880535	-0.08537858703024209
-0.11168654911880535	-0.08537863949408028
-0.11168654911880535	-0.0853786396559366
-0.11168654911880535	-0.08537863970548838
-0.11168654911880535	-0.08537863970548838
-0.11168654911880535	-0.08839531341943897
-0.11168654911880535	-0.0891549132418017
-0.11168654911880535	-0.08977257445114266
-0.11168654911880535	-0.08991697260556854
-0.11168654911880535	-0.08995027720879728
-0.11168654911880535	-0.08996034092670857
-0.11168654911880535	-0.08996110514066476
-0.11168654911880535	-0.08996118443081709
-0.11168654911880535	-0.08996120094249084
-0.11168654911880535	-0.08996120283068555
-0.11168654911880535	-0.08996120284400887
-0.11168654911880535	-0.08996120284805029
-0.11168654911880535	-0.08996120284805029
-0.11168654911880535	-0.09141703188558105
-0.11168654911880535	-0.09157820821693073
-0.11168654911880535	-0.09162082519984147
-0.11168654911880535	-0.09165317799046355
-0.11168654911880535	-0.09167262152169499
-0.11168654911880535	-0.09168326422677443
-0.11168654911880535	-0.09168479439828443
-0.11168654911880535	-0.09168491082610583
-0.11168654911880535	-0.09168492166029557
-0.11168654911880535	-0.09168492248295179
-0.11168654911880535	-0.09168492256660898
-0.11168654911880535	-0.09168492257765208
-0.11168654911880535	-0.09168492257765208
-0.11168654911880535	-0.0936782728060739
-0.11168654911880535	-0.09431974627396769
-0.11168654911880535	-0.0947353775595984
-0.11168654911880535	-0.09487435395095999
-0.11168654911880535	-0.09489440897795803
-0.11168654911880535	-0.09490017013005105
-0.11168654911880535	-0.09490217660765154
-0.11168654911880535	-0.09490397397676366
-0.11168654911880535	-0.0949047558924661
-0.11168654911880535	-0.09490493922426571
-0.11168654911880535	-0.09490495464380576
-0.11168654911880535	-0.09490495479560873
-0.11168654911880535	-0.09490495483580963
-0.11168654911880535	-0.09490495483580963
-0.11168654911880535	-0.09537546227693317
-0.11168654911880535	-0.09577550020157856
-0.11168654911880535	-0.09602865462396186
-0.11168654911880535	-0.09611453903036192
-0.11168654911880535	-0.09620597597659471
-0.11168654911880535	-0.09623711469019292
-0.11168654911880535	-0.09624757461432237
-0.11168654911880535	-0.09625471576327524
-0.11168654911880535	-0.09625920810663516
-0.11168654911880535	-0.09625944442707828
-0.11168654911880535	-0.09625952176188247
-0.11168654911880535	-0.09625952504541307
-0.11168654911880535	-0.09625952552618391
-0.11168654911880535	-0.0962595255421827
-0.11168654911880535	-0.0962595255421827
-0.11168654911880535	-0.09665554366686994
-0.11168654911880535	-0.096675518246195
-0.11168654911880535	-0.09668493588997724
-0.11168654911880535	-0.09668783872153387
-0.11168654911880535	-0.09668976210822498
-0.11168654911880535	-0.09669179067254041
-0.11168654911880535	-0.09669285761585009
-0.11168654911880535	-0.09669297062106318
-0.11168654911880535	-0.09669302480596526
-0.11168654911880535	-0.0966930370764592
-0.11168654911880535	-0.0966930408835565
-0.11168654911880535	-0.09669304171735556
-0.11168654911880535	-0.0966930417736473
-0.11168654911880535	-0.0966930417736473
-0.11168654911880535	-0.09742445136952785
-0.11168654911880535	-0.09755767237263811
-0.11168654911880535	-0.0976088774864541
-0.11168654911880535	-0.09762090096448876
-0.11168654911880535	-0.09762535668202553
-0.11168654911880535	-0.09762689996481677
-0.11168654911880535	-0.09762735323203248
-0.11168654911880535	-0.09762762784034197
-0.11168654911880535	-0.09762772340440583
-0.11168654911880535	-0.09762774750688329
-0.11168654911880535	-0.09762776117476811
-0.11168654911880535	-0.09762777102465417
-0.11168654911880535	-0.09762777562121576
-0.11168654911880535	-0.09762777577056236
-0.11168654911880535	-0.0976277757831219
-0.11168654911880535	-0.0976277757831219
-0.11168654911880535	-0.0980036208682059
-0.11168654911880535	-0.09811022520188127
-0.11168654911880535	-0.09814259870778787
-0.11168654911880535	-0.09816721543777697
-0.11168654911880535	-0.0981931172991268
-0.11168654911880535	-0.09820417147251846
-0.11168654911880535	-0.09820873576475178
-0.11168654911880535	-0.09821264255751042
-0.11168654911880535	-0.09821338977647974
-0.11168654911880535	-0.09821363100101733
-0.11168654911880535	-0.09821367030274086
-0.11168654911880535	-0.09821368558476933
-0.11168654911880535	-0.09821368897163105
-0.11168654911880535	-0.09821368970232051
-0.11168654911880535	-0.09821368976382487
-0.11168654911880535	-0.09821368977774929
-0.11168654911880535	-0.09821368977774929
-0.11168654911880535	-0.09860650144870356
-0.11168654911880535	-0.09878048255534913
-0.11168654911880535	-0.09885058540459794
-0.11168654911880535	-0.09890088776302391
-0.11168654911880535	-0.09894179843706262
-0.11168654911880535	-0.09896235073584038
-0.11168654911880535	-0.0989756185178123
-0.11168654911880535	-0.09898207912415216
-0.11168654911880535	-0.09898455007203354
-0.11168654911880535	-0.09898494823840538
-0.11168654911880535	-0.09898509807274357
-0.11168654911880535	-0.09898511142518919
-0.11168654911880535	-0.09898511636000933
-0.11168654911880535	-0.09898511795451437
-0.11168654911880535	-0.09898511851647064
-0.11168654911880535	-0.09898511872704477
-0.11168654911880535	-0.0989851187390714
-0.11168654911880535	-0.0989851187390714
-0.11168654911880535	-0.0992866835528135
-0.11168654911880535	-0.09946756669116373
-0.11168654911880535	-0.09969955759543286
-0.11168654911880535	-0.0997846253208414
-0.11168654911880535	-0.0998344057737109
-0.11168654911880535	-0.09986607468774275
-0.11168654911880535	-0.09987041390312636
-0.11168654911880535	-0.0998712973021349
-0.11168654911880535	-0.09987151141440728
-0.11168654911880535	-0.09987168970939941
-0.11168654911880535	-0.09987183072187944
-0.11168654911880535	-0.09987188005278085
-0.11168654911880535	-0.09987189614264683
-0.11168654911880535	-0.09987190075287135
-0.11168654911880535	-0.09987190202432662
-0.11168654911880535	-0.09987190261271814
-0.11168654911880535	-0.09987190274820879
-0.11168654911880535	-0.09987190276442208
-0.11168654911880535	-0.09987190276813314
-0.11168654911880535	-0.09987190276813314
-0.11168654911880535	-0.10038574323743059
-0.11168654911880535	-0.10057337369682286
-0.11168654911880535	-0.10063350156997242
-0.11168654911880535	-0.10065694769916236
-0.11168654911880535	-0.10067782610227032
-0.11168654911880535	-0.10069266147267537
-0.11168654911880535	-0.10069834756159553
-0.11168654911880535	-0.10070100686637612
-0.11168654911880535	-0.1007016262105739
-0.11168654911880535	-0.10070171647078484
-0.11168654911880535	-0.10070174629982913
-0.11168654911880535	-0.10070175541810585
-0.11168654911880535	-0.10070175827572818
-0.11168654911880535	-0.10070175880249008
-0.11168654911880535	-0.10070175884458199
-0.11168654911880535	-0.10070175886231468
-0.11168654911880535	-0.10070175887404059
-0.11168654911880535	-0.10070175888239437
-0.11168654911880535	-0.10070175888239437
-0.11168654911880535	-0.1009582849408643
-0.11168654911880535	-0.10104855326225874
-0.11168654911880535	-0.10109103720847916
-0.11168654911880535	-0.10110314802258237
-0.11168654911880535	-0.10111116598030417
-0.11168654911880535	-0.10111596950801059
-0.11168654911880535	-0.10111877321643005
-0.11168654911880535	-0.10112026332439517
-0.11168654911880535	-0.10112092670074938
-0.11168654911880535	-0.10112129956162347
-0.11168654911880535	-0.10112133873321319
-0.11168654911880535	-0.101121364603158
-0.11168654911880535	-0.10112136778808699
-0.11168654911880535	-0.10112136903947506
-0.11168654911880535	-0.10112136988987805
-0.11168654911880535	-0.10112137029953697
-0.11168654911880535	-0.10112137041435401
-0.11168654911880535	-0.1011213704608401
-0.11168654911880535	-0.10112137047432582
-0.11168654911880535	-0.10112137047432582
-0.11168654911880535	-0.10138312510770202
-0.11168654911880535	-0.10143325960482176
-0.11168654911880535	-0.10148446008256751
-0.11168654911880535	-0.1015094346174792
-0.11168654911880535	-0.10154063112792833
-0.11168654911880535	-0.10155781276901782
-0.11168654911880535	-0.10156636686106216
-0.11168654911880535	-0.10156890737737695
-0.11168654911880535	-0.10157050895166013
-0.11168654911880535	-0.1015711090037502
-0.11168654911880535	-0.10157128903012519
-0.11168654911880535	-0.10157131646099388
-0.11168654911880535	-0.10157133297868569
-0.11168654911880535	-0.10157133783886543
-0.11168654911880535	-0.10157134142637242
-0.11168654911880535	-0.10157134258071583
-0.11168654911880535	-0.1015713428401167
-0.11168654911880535	-0.10157134302585955
-0.11168654911880535	-0.1015713430449818
-0.11168654911880535	-0.10157134305535011
-0.11168654911880535	-0.10157134305535011
-0.11168654911880535	-0.10182355255792652
-0.11168654911880535	-0.10186764134830212
-0.11168654911880535	-0.10192243850621045
-0.11168654911880535	-0.1019717455547783
-0.11168654911880535	-0.10201640748188269
-0.11168654911880535	-0.10210168990267447
-0.11168654911880535	-0.10217678822075707
-0.11168654911880535	-0.10221527783944355
-0.11168654911880535	-0.10223081366637655
-0.11168654911880535	-0.10223886665506599
-0.11168654911880535	-0.1022459467235244
-0.11168654911880535	-0.10225012799905189
-0.11168654911880535	-0.10225198590885581
-0.11168654911880535	-0.10225267626521854
-0.11168654911880535	-0.10225291861491366
-0.11168654911880535	-0.10225308964882499
-0.11168654911880535	-0.10225313312682097
-0.11168654911880535	-0.10225316077387664
-0.11168654911880535	-0.10225316872800183
-0.11168654911880535	-0.1022531708422702
-0.11168654911880535	-0.10225317124961865
-0.11168654911880535	-0.10225317132472597
-0.11168654911880535	-0.10225317140145596
-0.11168654911880535	-0.10225317142876164
-0.11168654911880535	-0.10225317144314841
-0.11168654911880535	-0.10225317144314841
-0.11168654911880535	-0.10250444417918238
-0.11168654911880535	-0.10262619020248746
-0.11168654911880535	-0.10269212397448772
-0.11168654911880535	-0.10272256406177337
-0.11168654911880535	-0.10275162320092081
-0.11168654911880535	-0.10276403996631991
-0.11168654911880535	-0.10276935051177291
-0.11168654911880535	-0.1027712484742969
-0.11168654911880535	-0.1027732064299866
-0.11168654911880535	-0.1027749397208869
-0.11168654911880535	-0.10277549821875005
-0.11168654911880535	-0.1027757478658748
-0.11168654911880535	-0.10277586665322351
-0.11168654911880535	-0.10277599573913242
-0.11168654911880535	-0.10277608445250591
-0.11168654911880535	-0.10277611958933794
-0.11168654911880535	-0.1027761325074557
-0.11168654911880535	-0.1027761356300322
-0.11168654911880535	-0.10277613606381072
-0.11168654911880535	-0.102776136285405
-0.11168654911880535	-0.10277613640326301
-0.11168654911880535	-0.10277613640326301
-0.11168654911880535	-0.10301697494670703
-0.11168654911880535	-0.10311433654558279
-0.11168654911880535	-0.10314279408012701
-0.11168654911880535	-0.10315932558217956
-0.11168654911880535	-0.10316903226471226
-0.11168654911880535	-0.10317762696575832
-0.11168654911880535	-0.10318306802860175
-0.11168654911880535	-0.10318594991138678
-0.11168654911880535	-0.10318680123074259
-0.11168654911880535	-0.10318706420284199
-0.11168654911880535	-0.10318715627106587
-0.11168654911880535	-0.103187231708131
-0.11168654911880535	-0.10318725707780879
-0.11168654911880535	-0.10318726595547334
-0.11168654911880535	-0.10318727065353674
-0.11168654911880535	-0.10318727373577657
-0.11168654911880535	-0.10318727720213679
-0.11168654911880535	-0.1031872785861853
-0.11168654911880535	-0.10318727973249218
-0.11168654911880535	-0.1031872800561159
-0.11168654911880535	-0.10318728011510589
-0.11168654911880535	-0.10318728015971507
-0.11168654911880535	-0.1031872801761382
-0.11168654911880535	-0.1031872801761382
-0.11168654911880535	-0.10328472662058663
-0.11168654911880535	-0.10336249405391809
-0.11168654911880535	-0.10339269087741981
-0.11168654911880535	-0.10340529350596056
-0.11168654911880535	-0.10341091669270186
-0.11168654911880535	-0.10341634507411512
-0.11168654911880535	-0.10341939859526526
-0.11168654911880535	-0.10342085822714518
-0.11168654911880535	-0.10342161829147022
-0.11168654911880535	-0.10342211514284966
-0.11168654911880535	-0.10342236602414236
-0.11168654911880535	-0.10342250284612252
-0.11168654911880535	-0.10342252705232123
-0.11168654911880535	-0.1034225331870671
-0.11168654911880535	-0.10342253697785048
-0.11168654911880535	-0.10342253820815168
-0.11168654911880535	-0.10342253882587003
-0.11168654911880535	-0.1034225391903191
-0.11168654911880535	-0.10342253950641196
-0.11168654911880535	-0.10342253960436554
-0.11168654911880535	-0.10342253969334168
-0.11168654911880535	-0.10342253973595922
-0.11168654911880535	-0.10342253974471348
-0.11168654911880535	-0.10342253974471348
-0.11168654911880535	-0.10355843507072758
-0.11168654911880535	-0.1036592926538157
-0.11168654911880535	-0.10379422176217723
-0.11168654911880535	-0.10386408566504277
-0.11168654911880535	-0.10389444845354201
-0.11168654911880535	-0.10391416857575107
-0.11168654911880535	-0.10392277101020936
-0.11168654911880535	-0.1039274739717026
-0.11168654911880535	-0.10392989855665041
-0.11168654911880535	-0.10393075112611802
-0.11168654911880535	-0.10393144478596524
-0.11168654911880535	-0.10393170391743786
-0.11168654911880535	-0.10393182572017517
-0.11168654911880535	-0.10393189520259055
-0.11168654911880535	-0.10393191307468919
-0.11168654911880535	-0.10393192527906209
-0.11168654911880535	-0.1039319310535101
-0.11168654911880535	-0.10393193333909458
-0.11168654911880535	-0.10393193392871364
-0.11168654911880535	-0.10393193425177505
-0.11168654911880535	-0.10393193435870524
-0.11168654911880535	-0.10393193444577463
-0.11168654911880535	-0.10393193446714574
-0.11168654911880535	-0.103931934479506
-0.11168654911880535	-0.103931934479506
-0.11168654911880535	-0.10437997659999883
-0.11168654911880535	-0.10463641464134624
-0.11168654911880535	-0.10469627826137634
-0.11168654911880535	-0.10473669554405039
-0.11168654911880535	-0.10478432436507178
-0.11168654911880535	-0.10481225809851978
-0.11168654911880535	-0.10483037838203055
-0.11168654911880535	-0.10484508586655018
-0.11168654911880535	-0.10485141582587174
-0.11168654911880535	-0.10485345962578489
-0.11168654911880535	-0.10485500513687639
-0.11168654911880535	-0.10485578392271346
-0.11168654911880535	-0.10485600372913136
-0.11168654911880535	-0.10485622133461618
-0.11168654911880535	-0.10485639003552687
-0.11168654911880535	-0.10485645617743689
-0.11168654911880535	-0.10485647879571612
-0.11168654911880535	-0.10485648850664024
-0.11168654911880535	-0.10485649438114567
-0.11168654911880535	-0.10485649659913263
-0.11168654911880535	-0.10485649728141436
-0.11168654911880535	-0.10485649776254652
-0.11168654911880535	-0.10485649789651885
-0.11168654911880535	-0.10485649797918321
-0.11168654911880535	-0.10485649800808916
-0.11168654911880535	-0.10485649801407593
-0.11168654911880535	-0.10485649801407593
-0.11168654911880535	-0.10501713997986449
-0.11168654911880535	-0.10509362081801363
-0.11168654911880535	-0.10517129235090744
-0.11168654911880535	-0.10523140625772785
-0.11168654911880535	-0.10529411669467144
-0.11168654911880535	-0.10531001416984527
-0.11168654911880535	-0.10532329897482773
-0.11168654911880535	-0.10532994835312005
-0.11168654911880535	-0.1053343543725387
-0.11168654911880535	-0.10533751401405839
-0.11168654911880535	-0.10533888353128083
-0.11168654911880535	-0.10533960510949542
-0.11168654911880535	-0.10534008462964242
-0.11168654911880535	-0.10534029651832583
-0.11168654911880535	-0.10534038756048257
-0.11168654911880535	-0.10534044397767788
-0.11168654911880535	-0.10534048574588165
-0.11168654911880535	-0.10534050422772578
-0.11168654911880535	-0.10534051636755987
-0.11168654911880535	-0.10534052183686965
-0.11168654911880535	-0.10534052243380991
-0.11168654911880535	-0.10534052283951516
-0.11168654911880535	-0.10534052307704135
-0.11168654911880535	-0.1053405231623696
-0.11168654911880535	-0.1053405232103296
-0.11168654911880535	-0.10534052324754792
-0.11168654911880535	-0.10534052326027181
-0.11168654911880535	-0.10534052326027181
-0.11168654911880535	-0.10539221940075091
-0.11168654911880535	-0.10543245079235841
-0.11168654911880535	-0.10544944580866389
-0.11168654911880535	-0.10546064852859756
-0.11168654911880535	-0.1054650187960308
-0.11168654911880535	-0.1054661598781286
-0.11168654911880535	-0.10546692742827886
-0.11168654911880535	-0.1054672828579735
-0.11168654911880535	-0.10546745441773037
-0.11168654911880535	-0.10546760531161375
-0.11168654911880535	-0.10546774180857572
-0.11168654911880535	-0.10546784639018614
-0.11168654911880535	-0.10546787671946926
-0.11168654911880535	-0.10546788637507247
-0.11168654911880535	-0.10546789375877251
-0.11168654911880535	-0.10546789967246058
-0.11168654911880535	-0.1054679020154244
-0.11168654911880535	-0.105467903816846
-0.11168654911880535	-0.10546790465219355
-0.11168654911880535	-0.10546790484686391
-0.11168654911880535	-0.10546790504160485
-0.11168654911880535	-0.10546790508275485
-0.11168654911880535	-0.1054679051001817
-0.11168654911880535	-0.10546790511355432
-0.11168654911880535	-0.10546790511355432
-0.11168654911880535	-0.10556261229857569
-0.11168654911880535	-0.10559129743294711
-0.11168654911880535	-0.10561240859653706
-0.11168654911880535	-0.10562094186655953
-0.11168654911880535	-0.10562664179242355
-0.11168654911880535	-0.10563155567563524
-0.11168654911880535	-0.1056342269458783
-0.11168654911880535	-0.10563574876542052
-0.11168654911880535	-0.10563647447004917
-0.11168654911880535	-0.10563688605004766
-0.11168654911880535	-0.10563714380364561
-0.11168654911880535	-0.10563727979491978
-0.11168654911880535	-0.10563734764525586
-0.11168654911880535	-0.10563736884099167
-0.11168654911880535	-0.10563737261456435
-0.11168654911880535	-0.10563737408546835
-0.11168654911880535	-0.1056373753640327
-0.11168654911880535	-0.10563737654330829
-0.11168654911880535	-0.10563737710432038
-0.11168654911880535	-0.10563737751414026
-0.11168654911880535	-0.10563737774676141
-0.11168654911880535	-0.10563737787361795
-0.11168654911880535	-0.105637377930667
-0.11168654911880535	-0.10563737794575104
-0.11168654911880535	-0.10563737794575104
-0.11168654911880535	-0.10575050821160983
-0.11168654911880535	-0.10580407330979222
-0.11168654911880535	-0.10583826484591273
-0.11168654911880535	-0.10585940444266478
-0.11168654911880535	-0.10586965308743418
-0.11168654911880535	-0.10587402628867315
-0.11168654911880535	-0.10587850341705482
-0.11168654911880535	-0.1058815966458078
-0.11168654911880535	-0.10588272509785933
-0.11168654911880535	-0.10588356374617097
-0.11168654911880535	-0.10588401514856596
-0.11168654911880535	-0.10588432191994751
-0.11168654911880535	-0.10588441528226195
-0.11168654911880535	-0.10588446878141652
-0.11168654911880535	-0.105884515862619
-0.11168654911880535	-0.10588452781382278
-0.11168654911880535	-0.10588453370691327
-0.11168654911880535	-0.10588453584256916
-0.11168654911880535	-0.10588453691611989
-0.11168654911880535	-0.10588453773768097
-0.11168654911880535	-0.10588453833080141
-0.11168654911880535	-0.10588453875804747
-0.11168654911880535	-0.10588453886606951
-0.11168654911880535	-0.10588453894550601
-0.11168654911880535	-0.10588453899406214
-0.11168654911880535	-0.10588453899406214
-0.11168654911880535	-0.10590649855126041
-0.11168654911880535	-0.1059270366084808
-0.11168654911880535	-0.10594323806042376
-0.11168654911880535	-0.10595357371065577
-0.11168654911880535	-0.10596410194207884
-0.11168654911880535	-0.10596882243340246
-0.11168654911880535	-0.1059712893603967
-0.11168654911880535	-0.10597259370686887
-0.11168654911880535	-0.10597411897376333
-0.11168654911880535	-0.10597474267048645
-0.11168654911880535	-0.10597503226152617
-0.11168654911880535	-0.10597526817784972
-0.11168654911880535	-0.10597536279220882
-0.11168654911880535	-0.10597543597943634
-0.11168654911880535	-0.1059754767860436
-0.11168654911880535	-0.10597548708804834
-0.11168654911880535	-0.10597549380344552
-0.11168654911880535	-0.10597549657460928
-0.11168654911880535	-0.10597549881136208
-0.11168654911880535	-0.10597550005695838
-0.11168654911880535	-0.10597550046099426
-0.11168654911880535	-0.10597550099419414
-0.11168654911880535	-0.10597550118689988
-0.11168654911880535	-0.10597550127995697
-0.11168654911880535	-0.10597550131501275
-0.11168654911880535	-0.10597550133211589
-0.11168654911880535	-0.10597550133211589
-0.11168654911880535	-0.10600889937828392
-0.11168654911880535	-0.10602537846355904
-0.11168654911880535	-0.10604810439209265
-0.11168654911880535	-0.10605922260469705
-0.11168654911880535	-0.10606447986906857
-0.11168654911880535	-0.10607022904541268
-0.11168654911880535	-0.10607376381708282
-0.11168654911880535	-0.106075850187577
-0.11168654911880535	-0.10607682295577531
-0.11168654911880535	-0.10607730687482167
-0.11168654911880535	-0.10607754770224138
-0.11168654911880535	-0.10607775157178542
-0.11168654911880535	-0.10607783042464373
-0.11168654911880535	-0.10607789609321093
-0.11168654911880535	-0.10607792544354011
-0.11168654911880535	-0.10607795193684154
-0.11168654911880535	-0.10607796167718261
-0.11168654911880535	-0.10607796630054632
-0.11168654911880535	-0.10607797020423233
-0.11168654911880535	-0.10607797199499017
-0.11168654911880535	-0.10607797304836226
-0.11168654911880535	-0.10607797349741817
-0.11168654911880535	-0.10607797371366814
-0.11168654911880535	-0.1060779738969744
-0.11168654911880535	-0.1060779740008625
-0.11168654911880535	-0.10607797412619405
-0.11168654911880535	-0.10607797416951406
-0.11168654911880535	-0.1060779741917618
-0.11168654911880535	-0.10607797420495789
-0.11168654911880535	-0.10607797420495789
-0.11168654911880535	-0.10609091830012908
-0.11168654911880535	-0.10610274441982256
-0.11168654911880535	-0.10610763303144712
-0.11168654911880535	-0.10611063678142697
-0.11168654911880535	-0.10611257394601203
-0.11168654911880535	-0.1061146331371433
-0.11168654911880535	-0.10611548945467263
-0.11168654911880535	-0.10611575929812647
-0.11168654911880535	-0.10611596384881876
-0.11168654911880535	-0.106116134227398
-0.11168654911880535	-0.10611624643503798
-0.11168654911880535	-0.10611637070477821
-0.11168654911880535	-0.10611644989483478
-0.11168654911880535	-0.10611648090585825
-0.11168654911880535	-0.10611649630876271
-0.11168654911880535	-0.10611650681107652
-0.11168654911880535	-0.10611651350961525
-0.11168654911880535	-0.10611651624107937
-0.11168654911880535	-0.10611651695715964
-0.11168654911880535	-0.10611651734931771
-0.11168654911880535	-0.10611651763878367
-0.11168654911880535	-0.10611651784839445
-0.11168654911880535	-0.10611651791687282
-0.11168654911880535	-0.10611651795953313
-0.11168654911880535	-0.10611651797925283
-0.11168654911880535	-0.10611651797925283
-0.11168654911880535	-0.10760286680940535
-0.11168654911880535	-0.10768474816767143
-0.11168654911880535	-0.10833971161215643
-0.11168654911880535	-0.1089117062266921
-0.11168654911880535	-0.10916215522886873
-0.11168654911880535	-0.10935655679226727
-0.11168654911880535	-0.10954345458263796
-0.11168654911880535	-0.10970625667734682
-0.11168654911880535	-0.10978937068923339
-0.11168654911880535	-0.10985073176639985
-0.11168654911880535	-0.10988066027065674
-0.11168654911880535	-0.10990022389917853
-0.11168654911880535	-0.10990955323368432
-0.11168654911880535	-0.10992052505063984
-0.11168654911880535	-0.10992826782171293
-0.11168654911880535	-0.10993432943456273
-0.11168654911880535	-0.10993776271624396
-0.11168654911880535	-0.10994061961157653
-0.11168654911880535	-0.10994215737930628
-0.11168654911880535	-0.10994310994616358
-0.11168654911880535	-0.10994361378181558
-0.11168654911880535	-0.10994409028728945
-0.11168654911880535	-0.10994438986429425
-0.11168654911880535	-0.10994453542509894
-0.11168654911880535	-0.10994460433154993
-0.11168654911880535	-0.10994465453851658
-0.11168654911880535	-0.1099446846214084
-0.11168654911880535	-0.10994471977486074
-0.11168654911880535	-0.10994473741402946
-0.11168654911880535	-0.10994474500924097
-0.11168654911880535	-0.10994475388768417
-0.11168654911880535	-0.10994476168147206
-0.11168654911880535	-0.1099447693768225
-0.11168654911880535	-0.10994477426389046
-0.11168654911880535	-0.10994477736177205
-0.11168654911880535	-0.10994478245168594
-0.11168654911880535	-0.10994478508011389
-0.11168654911880535	-0.10994478759379181
-0.11168654911880535	-0.10994478953424552
-0.11168654911880535	-0.10994478965923085
-0.11168654911880535	-0.10994478983812347
-0.11168654911880535	-0.10994478986047312
-0.11168654911880535	-0.10994478989618298
-0.11168654911880535	-0.10994478989618298
-0.11168654911880535	-0.11002209463797696
-0.11168654911880535	-0.11011436727873926
-0.11168654911880535	-0.11021379681690763
-0.11168654911880535	-0.11031203955055754
-0.11168654911880535	-0.11041648241521754
-0.11168654911880535	-0.11046714801421627
-0.11168654911880535	-0.11051147392973673
-0.11168654911880535	-0.11054061319429484
-0.11168654911880535	-0.11057671039423023
-0.11168654911880535	-0.11060235396290494
-0.11168654911880535	-0.11062114674309996
-0.11168654911880535	-0.11063298292166593
-0.11168654911880535	-0.11064087058525458
-0.11168654911880535	-0.11064542443946662
-0.11168654911880535	-0.1106505848418899
-0.11168654911880535	-0.11065289260649079
-0.11168654911880535	-0.11065385592173194
-0.11168654911880535	-0.11065439320493978
-0.11168654911880535	-0.1106547623884441
-0.11168654911880535	-0.11065508999722411
-0.11168654911880535	-0.11065526932182687
-0.11168654911880535	-0.11065554054744256
-0.11168654911880535	-0.11065569073862702
-0.11168654911880535	-0.11065577925104746
-0.11168654911880535	-0.11065587336330399
-0.11168654911880535	-0.11065589921742434
-0.11168654911880535	-0.11065592024701373
-0.11168654911880535	-0.11065593190205189
-0.11168654911880535	-0.11065593649409858
-0.11168654911880535	-0.11065594305361799
-0.11168654911880535	-0.11065594805489658
-0.11168654911880535	-0.11065595250164875
-0.11168654911880535	-0.11065595456321342
-0.11168654911880535	-0.1106559572824153
-0.11168654911880535	-0.11065595936931295
-0.11168654911880535	-0.11065596024424625
-0.11168654911880535	-0.11065596139129626
-0.11168654911880535	-0.110655961666877
-0.11168654911880535	-0.11065596174001195
-0.11168654911880535	-0.11065596187166149
-0.11168654911880535	-0.11065596189094437
-0.11168654911880535	-0.11065596191851698
-0.11168654911880535	-0.11065596191851698
-0.11168654911880535	-0.1106971629169815
-0.11168654911880535	-0.11071205181074092
-0.11168654911880535	-0.11072505719647815
-0.11168654911880535	-0.11073125884893802
-0.11168654911880535	-0.11073707258295565
-0.11168654911880535	-0.11074035160354598
-0.11168654911880535	-0.11074239404018088
-0.11168654911880535	-0.11074363083505659
-0.11168654911880535	-0.1107442988776706
-0.11168654911880535	-0.11074482118720878
-0.11168654911880535	-0.11074514576099387
-0.11168654911880535	-0.11074539170472716
-0.11168654911880535	-0.11074563166214915
-0.11168654911880535	-0.11074593078715991
-0.11168654911880535	-0.11074615839191425
-0.11168654911880535	-0.11074627000118965
-0.11168654911880535	-0.1107464033359615
-0.11168654911880535	-0.11074644344946502
-0.11168654911880535	-0.11074646850811255
-0.11168654911880535	-0.11074648604109977
-0.11168654911880535	-0.11074649363526051
-0.11168654911880535	-0.1107464998630358
-0.11168654911880535	-0.11074650799379503
-0.11168654911880535	-0.11074651410729863
-0.11168654911880535	-0.11074651838734256
-0.11168654911880535	-0.1107465208500168
-0.11168654911880535	-0.1107465222866878
-0.11168654911880535	-0.11074652297356317
-0.11168654911880535	-0.11074652348182129
-0.11168654911880535	-0.11074652390790132
-0.11168654911880535	-0.11074652404885503
-0.11168654911880535	-0.11074652415993903
-0.11168654911880535	-0.11074652421746133
-0.11168654911880535	-0.11074652423862442
-0.11168654911880535	-0.11074652423862442
-0.11168654911880535	-0.1107677335921215
-0.11168654911880535	-0.11077644785605063
-0.11168654911880535	-0.11078740993977315
-0.11168654911880535	-0.11079387303596237
-0.11168654911880535	-0.1108010601676386
-0.11168654911880535	-0.11080553790640486
-0.11168654911880535	-0.11080875118703365
-0.11168654911880535	-0.11081137160659764
-0.11168654911880535	-0.11081294367530073
-0.11168654911880535	-0.11081441733244353
-0.11168654911880535	-0.11081518504023975
-0.11168654911880535	-0.11081585121208735
-0.11168654911880535	-0.11081654561122581
-0.11168654911880535	-0.11081720030220137
-0.11168654911880535	-0.11081760021073123
-0.11168654911880535	-0.11081793741342423
-0.11168654911880535	-0.11081811508651791
-0.11168654911880535	-0.11081828506957335
-0.11168654911880535	-0.11081839134700706
-0.11168654911880535	-0.11081844302661285
-0.11168654911880535	-0.1108184888687777
-0.11168654911880535	-0.11081852100144955
-0.11168654911880535	-0.1108185527728311
-0.11168654911880535	-0.11081857633081253
-0.11168654911880535	-0.11081859063314893
-0.11168654911880535	-0.11081860013592143
-0.11168654911880535	-0.11081861202563989
-0.11168654911880535	-0.11081861787259821
-0.11168654911880535	-0.11081862019004335
-0.11168654911880535	-0.11081862141673733
-0.11168654911880535	-0.11081862168621004
-0.11168654911880535	-0.11081862229543958
-0.11168654911880535	-0.11081862257073283
-0.11168654911880535	-0.11081862270021277
-0.11168654911880535	-0.11081862282290482
-0.11168654911880535	-0.11081862291187375
-0.11168654911880535	-0.11081862293785251
-0.11168654911880535	-0.1108186229916123
-0.11168654911880535	-0.11081862300759085
-0.11168654911880535	-0.11081862300759085
-0.11168654911880535	-0.11084412009500447
-0.11168654911880535	-0.11086387973854407
-0.11168654911880535	-0.11089777214239144
-0.11168654911880535	-0.11096733156322365
-0.11168654911880535	-0.11100036861136114
-0.11168654911880535	-0.11101540662922504
-0.11168654911880535	-0.11103376730367931
-0.11168654911880535	-0.11104895681722902
-0.11168654911880535	-0.11105441570464292
-0.11168654911880535	-0.11105912041943361
-0.11168654911880535	-0.11106325475087181
-0.11168654911880535	-0.11106657322044916
-0.11168654911880535	-0.11106930420133544
-0.11168654911880535	-0.11107047226963003
-0.11168654911880535	-0.1110713483939705
-0.11168654911880535	-0.11107235412520515
-0.11168654911880535	-0.11107307918106236
-0.11168654911880535	-0.11107341405643982
-0.11168654911880535	-0.11107376217195339
-0.11168654911880535	-0.11107401478460645
-0.11168654911880535	-0.11107434000465832
-0.11168654911880535	-0.11107452098288949
-0.11168654911880535	-0.11107464375887278
-0.11168654911880535	-0.11107473911444969
-0.11168654911880535	-0.11107481568699301
-0.11168654911880535	-0.11107484245221617
-0.11168654911880535	-0.11107488587647715
-0.11168654911880535	-0.11107492379133516
-0.11168654911880535	-0.11107493186594895
-0.11168654911880535	-0.11107493718844773
-0.11168654911880535	-0.11107494162974177
-0.11168654911880535	-0.11107494418695256
-0.11168654911880535	-0.11107494741353241
-0.11168654911880535	-0.11107494784368613
-0.11168654911880535	-0.1110749482809144
-0.11168654911880535	-0.11107494836407021
-0.11168654911880535	-0.11107494845145155
-0.11168654911880535	-0.11107494847114868
-0.11168654911880535	-0.11107494847114868
-0.11168654911880535	-0.11108483821283269
-0.11168654911880535	-0.11109609694734852
-0.11168654911880535	-0.11110252588180919
-0.11168654911880535	-0.11110709570083445
-0.11168654911880535	-0.11110968053925943
-0.11168654911880535	-0.11111326757243689
-0.11168654911880535	-0.11111715213391919
-0.11168654911880535	-0.11112123541261378
-0.11168654911880535	-0.11112439643844936
-0.11168654911880535	-0.11112704109968831
-0.11168654911880535	-0.1111280354102549
-0.11168654911880535	-0.11112880125849718
-0.11168654911880535	-0.11112942166098799
-0.11168654911880535	-0.1111300890969471
-0.11168654911880535	-0.11113064177025331
-0.11168654911880535	-0.11113102007166331
-0.11168654911880535	-0.11113136606502584
-0.11168654911880535	-0.11113171942362794
-0.11168654911880535	-0.11113193534255536
-0.11168654911880535	-0.11113208947918239
-0.11168654911880535	-0.11113217872069651
-0.11168654911880535	-0.1111322683900777
-0.11168654911880535	-0.11113230649122874
-0.11168654911880535	-0.11113233990779936
-0.11168654911880535	-0.11113235151824201
-0.11168654911880535	-0.11113235921449954
-0.11168654911880535	-0.11113236453611414
-0.11168654911880535	-0.11113236739612017
-0.11168654911880535	-0.11113236875479325
-0.11168654911880535	-0.1111323694171076
-0.11168654911880535	-0.11113236998758821
-0.11168654911880535	-0.11113237129236311
-0.11168654911880535	-0.1111323715992356
-0.11168654911880535	-0.11113237173216
-0.11168654911880535	-0.1111323718667062
-0.11168654911880535	-0.11113237196645644
-0.11168654911880535	-0.11113237205785025
-0.11168654911880535	-0.11113237210220743
-0.11168654911880535	-0.11113237212488968
-0.11168654911880535	-0.11113237212488968
-0.11168654911880535	-0.11113967696715747
-0.11168654911880535	-0.11114694033780109
-0.11168654911880535	-0.11115134136349918
-0.11168654911880535	-0.11115468834929387
-0.11168654911880535	-0.1111577153503583
-0.11168654911880535	-0.11116078578030057
-0.11168654911880535	-0.11116350591344992
-0.11168654911880535	-0.11116627881943197
-0.11168654911880535	-0.11116789924254042
-0.11168654911880535	-0.11116948425535539
-0.11168654911880535	-0.11117065160956752
-0.11168654911880535	-0.11117145855188976
-0.11168654911880535	-0.11117197416594667
-0.11168654911880535	-0.11117240823201457
-0.11168654911880535	-0.1111727510026726
-0.11168654911880535	-0.11117293758439674
-0.11168654911880535	-0.11117303906206828
-0.11168654911880535	-0.11117308673719015
-0.11168654911880535	-0.11117311517561179
-0.11168654911880535	-0.11117313001499404
-0.11168654911880535	-0.11117314488110344
-0.11168654911880535	-0.11117315790473883
-0.11168654911880535	-0.11117316472746683
-0.11168654911880535	-0.11117316875441302
-0.11168654911880535	-0.11117317030227719
-0.11168654911880535	-0.11117317272033614
-0.11168654911880535	-0.11117317477921429
-0.11168654911880535	-0.11117317606717017
-0.11168654911880535	-0.11117317684393434
-0.11168654911880535	-0.11117317712759262
-0.11168654911880535	-0.1111731773850668
-0.11168654911880535	-0.1111731776680158
-0.11168654911880535	-0.11117317775470646
-0.11168654911880535	-0.11117317779241975
-0.11168654911880535	-0.11117317782838756
-0.11168654911880535	-0.11117317787923342
-0.11168654911880535	-0.11117317789264787
-0.11168654911880535	-0.11117317792688622
-0.11168654911880535	-0.11117317792688622
-0.11168654911880535	-0.11117910683271581
-0.11168654911880535	-0.1111902606696215
-0.11168654911880535	-0.1111976687471118
-0.11168654911880535	-0.11120661982577823
-0.11168654911880535	-0.11121233247197096
-0.11168654911880535	-0.11121765235242667
-0.11168654911880535	-0.11123034837530807
-0.11168654911880535	-0.11124155141004378
-0.11168654911880535	-0.11124590387942357
-0.11168654911880535	-0.1112495287730097
-0.11168654911880535	-0.11125287678475794
-0.11168654911880535	-0.11125493600728767
-0.11168654911880535	-0.11125657931616541
-0.11168654911880535	-0.1112577633527122
-0.11168654911880535	-0.11125885118834164
-0.11168654911880535	-0.11125943377172412
-0.11168654911880535	-0.11125992442426917
-0.11168654911880535	-0.11126026348169234
-0.11168654911880535	-0.11126056737538277
-0.11168654911880535	-0.11126073676936575
-0.11168654911880535	-0.1112608572280443
-0.11168654911880535	-0.1112609268192945
-0.11168654911880535	-0.11126097389419666
-0.11168654911880535	-0.1112610321856596
-0.11168654911880535	-0.11126105354031691
-0.11168654911880535	-0.11126106144645717
-0.11168654911880535	-0.11126107244112841
-0.11168654911880535	-0.11126107914358693
-0.11168654911880535	-0.1112610827411893
-0.11168654911880535	-0.11126108658365398
-0.11168654911880535	-0.11126108922457509
-0.11168654911880535	-0.11126109158763273
-0.11168654911880535	-0.11126109245380024
-0.11168654911880535	-0.1112610934314091
-0.11168654911880535	-0.11126109414389615
-0.11168654911880535	-0.11126109447333474
-0.11168654911880535	-0.11126109476425702
-0.11168654911880535	-0.1112610950644169
-0.11168654911880535	-0.11126109535334686
-0.11168654911880535	-0.11126109555923304
-0.11168654911880535	-0.1112610959454685
-0.11168654911880535	-0.11126109597625211
-0.11168654911880535	-0.11126109608007832
-0.11168654911880535	-0.11126109617805854
-0.11168654911880535	-0.11126109622882306
-0.11168654911880535	-0.11126109622882306
-0.11168654911880535	-0.11127518602101676
-0.11168654911880535	-0.11128062210439486
-0.11168654911880535	-0.11128490833942539
-0.11168654911880535	-0.11128923133272409
-0.11168654911880535	-0.1112915017529953
-0.11168654911880535	-0.1112931954998938
-0.11168654911880535	-0.11129447631508739
-0.11168654911880535	-0.11129591098411279
-0.11168654911880535	-0.11129725511862988
-0.11168654911880535	-0.111298150619478
-0.11168654911880535	-0.11129904552038433
-0.11168654911880535	-0.11129970694894711
-0.11168654911880535	-0.11130025143961894
-0.11168654911880535	-0.11130055630772637
-0.11168654911880535	-0.11130081556256013
-0.11168654911880535	-0.11130114036537861
-0.11168654911880535	-0.11130144307225981
-0.11168654911880535	-0.11130165821656436
-0.11168654911880535	-0.1113017997127489
-0.11168654911880535	-0.11130195611977073
-0.11168654911880535	-0.11130201792798064
-0.11168654911880535	-0.11130206965042747
-0.11168654911880535	-0.11130211777932095
-0.11168654911880535	-0.1113021522529956
-0.11168654911880535	-0.11130217888711674
-0.11168654911880535	-0.1113022024374872
-0.11168654911880535	-0.11130221910360519
-0.11168654911880535	-0.11130223049377941
-0.11168654911880535	-0.11130223940675207
-0.11168654911880535	-0.11130224468510554
-0.11168654911880535	-0.11130224827137353
-0.11168654911880535	-0.11130225173427911
-0.11168654911880535	-0.11130225390803412
-0.11168654911880535	-0.11130225579659223
-0.11168654911880535	-0.11130225822910801
-0.11168654911880535	-0.11130225925328177
-0.11168654911880535	-0.11130226003149697
-0.11168654911880535	-0.1113022605457185
-0.11168654911880535	-0.1113022615456511
-0.11168654911880535	-0.11130226165057369
-0.11168654911880535	-0.1113022619346379
-0.11168654911880535	-0.11130226201393972
-0.11168654911880535	-0.11130226210433283
-0.11168654911880535	-0.11130226210433283
-0.11168654911880535	-0.11130711449962852
-0.11168654911880535	-0.11131589799601697
-0.11168654911880535	-0.11132200411083674
-0.11168654911880535	-0.11132559238125501
-0.11168654911880535	-0.11132777852103011
-0.11168654911880535	-0.11132991866753313
-0.11168654911880535	-0.11133190045053623
-0.11168654911880535	-0.1113330561942717
-0.11168654911880535	-0.11133433862835922
-0.11168654911880535	-0.11133568117024968
-0.11168654911880535	-0.11133740866713553
-0.11168654911880535	-0.11133855943665168
-0.11168654911880535	-0.1113398169868529
-0.11168654911880535	-0.11134093059071393
-0.11168654911880535	-0.11134209186983485
-0.11168654911880535	-0.11134263039957978
-0.11168654911880535	-0.11134293526766673
-0.11168654911880535	-0.1113431666359439
-0.11168654911880535	-0.11134331932901531
-0.11168654911880535	-0.11134348890288406
-0.11168654911880535	-0.11134357759696883
-0.11168654911880535	-0.11134367560284561
-0.11168654911880535	-0.11134376271927048
-0.11168654911880535	-0.1113438254491083
-0.11168654911880535	-0.11134387925183857
-0.11168654911880535	-0.11134389896612126
-0.11168654911880535	-0.11134392147419049
-0.11168654911880535	-0.1113439450862876
-0.11168654911880535	-0.11134395755031423
-0.11168654911880535	-0.11134397217266115
-0.11168654911880535	-0.11134398453321512
-0.11168654911880535	-0.11134399234403115
-0.11168654911880535	-0.11134400642595338
-0.11168654911880535	-0.11134401054576988
-0.11168654911880535	-0.11134401364853407
-0.11168654911880535	-0.11134401672628999
-0.11168654911880535	-0.11134402036647903
-0.11168654911880535	-0.11134402250344629
-0.11168654911880535	-0.11134402364912611
-0.11168654911880535	-0.11134402464152963
-0.11168654911880535	-0.11134402518909706
-0.11168654911880535	-0.11134402613679732
-0.11168654911880535	-0.11134402637864514
-0.11168654911880535	-0.1113440265210364
-0.11168654911880535	-0.11134402655739195
-0.11168654911880535	-0.11134402661437197
-0.11168654911880535	-0.11134402661437197
-0.11168654911880535	-0.11134983231932978
-0.11168654911880535	-0.11135328773872365
-0.11168654911880535	-0.11135408348255643
-0.11168654911880535	-0.11135490782834045
-0.11168654911880535	-0.1113557634635485
-0.11168654911880535	-0.1113563373274694
-0.11168654911880535	-0.11135679041035347
-0.11168654911880535	-0.11135727375982572
-0.11168654911880535	-0.11135762539095052
-0.11168654911880535	-0.1113580725501641
-0.11168654911880535	-0.11135839575554222
-0.11168654911880535	-0.11135884821984111
-0.11168654911880535	-0.11135940438905473
-0.11168654911880535	-0.11135962413504183
-0.11168654911880535	-0.11135977399059455
-0.11168654911880535	-0.11135991376369905
-0.11168654911880535	-0.11136002502536356
-0.11168654911880535	-0.11136009365601618
-0.11168654911880535	-0.1113601885176848
-0.11168654911880535	-0.11136030136015057
-0.11168654911880535	-0.11136036734322227
-0.11168654911880535	-0.11136042350090367
-0.11168654911880535	-0.11136048135113318
-0.11168654911880535	-0.11136051521667856
-0.11168654911880535	-0.11136055082078111
-0.11168654911880535	-0.1113605736831196
-0.11168654911880535	-0.11136059101879933
-0.11168654911880535	-0.11136061178405317
-0.11168654911880535	-0.11136062262460762
-0.11168654911880535	-0.11136063079635664
-0.11168654911880535	-0.11136063468656218
-0.11168654911880535	-0.11136063736376621
-0.11168654911880535	-0.11136064077803617
-0.11168654911880535	-0.1113606434101629
-0.11168654911880535	-0.11136064430734481
-0.11168654911880535	-0.11136064525754986
-0.11168654911880535	-0.11136064551684131
-0.11168654911880535	-0.11136064575564722
-0.11168654911880535	-0.11136064587970111
-0.11168654911880535	-0.11136064602722542
-0.11168654911880535	-0.11136064620725217
-0.11168654911880535	-0.1113606462913257
-0.11168654911880535	-0.11136064631574767
-0.11168654911880535	-0.11136064639004097
-0.11168654911880535	-0.11136064641851856
-0.11168654911880535	-0.11136064645083243
-0.11168654911880535	-0.11136064645083243
-0.11168654911880535	-0.11136526866535039
-0.11168654911880535	-0.11136830766718994
-0.11168654911880535	-0.11137217489072417
-0.11168654911880535	-0.1113758509070642
-0.11168654911880535	-0.11137850123252134
-0.11168654911880535	-0.11138117795963462
-0.11168654911880535	-0.11138322911525964
-0.11168654911880535	-0.11138469518553219
-0.11168654911880535	-0.11138682039913106
-0.11168654911880535	-0.1113891092488535
-0.11168654911880535	-0.111390245384809
-0.11168654911880535	-0.11139137926249748
-0.11168654911880535	-0.11139221053928039
-0.11168654911880535	-0.1113926658073929
-0.11168654911880535	-0.1113932005893917
-0.11168654911880535	-0.11139357785768703
-0.11168654911880535	-0.1113938479601762
-0.11168654911880535	-0.11139406028938342
-0.11168654911880535	-0.11139433814838723
-0.11168654911880535	-0.11139450634395842
-0.11168654911880535	-0.11139465840085089
-0.11168654911880535	-0.11139488304230744
-0.11168654911880535	-0.11139513321677931
-0.11168654911880535	-0.11139530663168867
-0.11168654911880535	-0.11139539925180453
-0.11168654911880535	-0.11139549744784598
-0.11168654911880535	-0.11139560382257915
-0.11168654911880535	-0.111395662909505
-0.11168654911880535	-0.11139568889856762
-0.11168654911880535	-0.11139572431582052
-0.11168654911880535	-0.11139575452436767
-0.11168654911880535	-0.11139580002995003
-0.11168654911880535	-0.1113958186894437
-0.11168654911880535	-0.11139585540624276
-0.11168654911880535	-0.11139589205456436
-0.11168654911880535	-0.11139590609514569
-0.11168654911880535	-0.11139592421373473
-0.11168654911880535	-0.11139593400414072
-0.11168654911880535	-0.11139594672281228
-0.11168654911880535	-0.11139596374796945
-0.11168654911880535	-0.11139596847386385
-0.11168654911880535	-0.11139597909951675
-0.11168654911880535	-0.11139598086826107
-0.11168654911880535	-0.1113959844056997
-0.11168654911880535	-0.11139598465069257
-0.11168654911880535	-0.11139598501640029
-0.11168654911880535	-0.11139598513349507
-0.11168654911880535	-0.1113959852620657
-0.11168654911880535	-0.11139598538566375
-0.11168654911880535	-0.11139598541300653
-0.11168654911880535	-0.11139598541300653
-0.11168654911880535	-0.1114001315810241
-0.11168654911880535	-0.11140296345800525
-0.11168654911880535	-0.11140462575134215
-0.11168654911880535	-0.1114066960138507
-0.11168654911880535	-0.11140801563251468
-0.11168654911880535	-0.11140915239962705
-0.11168654911880535	-0.1114106312936512
-0.11168654911880535	-0.11141149094045599
-0.11168654911880535	-0.11141202131304964
-0.11168654911880535	-0.11141256836017083
-0.11168654911880535	-0.11141311556470382
-0.11168654911880535	-0.11141375459555619
-0.11168654911880535	-0.11141411982449298
-0.11168654911880535	-0.11141440261211974
-0.11168654911880535	-0.11141455385134724
-0.11168654911880535	-0.1114147081251822
-0.11168654911880535	-0.11141489854301957
-0.11168654911880535	-0.11141505275309309
-0.11168654911880535	-0.11141513563394358
-0.11168654911880535	-0.111415214608895
-0.11168654911880535	-0.11141531323853027
-0.11168654911880535	-0.1114153582905731
-0.11168654911880535	-0.11141540392776625
-0.11168654911880535	-0.11141545100479597
-0.11168654911880535	-0.11141550029350895
-0.11168654911880535	-0.11141552284826853
-0.11168654911880535	-0.11141554792507707
-0.11168654911880535	-0.11141557082667956
-0.11168654911880535	-0.11141559982747994
-0.11168654911880535	-0.11141561402708045
-0.11168654911880535	-0.11141562894904065
-0.11168654911880535	-0.1114156367568293
-0.11168654911880535	-0.11141564787907794
-0.11168654911880535	-0.11141565122800051
-0.11168654911880535	-0.1114156562702312
-0.11168654911880535	-0.11141566154699398
-0.11168654911880535	-0.1114156661637427
-0.11168654911880535	-0.11141567002530244
-0.11168654911880535	-0.11141567500820809
-0.11168654911880535	-0.11141567600117568
-0.11168654911880535	-0.11141567846716131
-0.11168654911880535	-0.11141567943178662
-0.11168654911880535	-0.1114156817615588
-0.11168654911880535	-0.11141568272946982
-0.11168654911880535	-0.11141568306183904
-0.11168654911880535	-0.11141568368878768
-0.11168654911880535	-0.11141568381967738
-0.11168654911880535	-0.11141568387828785
-0.11168654911880535	-0.11141568406239466
-0.11168654911880535	-0.11141568411074096
-0.11168654911880535	-0.11141568421722188
-0.11168654911880535	-0.11141568425908656
-0.11168654911880535	-0.11141568433518818
-0.11168654911880535	-0.11141568433518818
-0.11168654911880535	-0.1114206160159942
-0.11168654911880535	-0.11142529405858309
-0.11168654911880535	-0.1114282050901027
-0.11168654911880535	-0.11143035773682083
-0.11168654911880535	-0.11143225488623859
-0.11168654911880535	-0.11143462762629784
-0.11168654911880535	-0.11143675064997838
-0.11168654911880535	-0.11143892617795102
-0.11168654911880535	-0.11144064845005734
-0.11168654911880535	-0.11144269493660086
-0.11168654911880535	-0.11144346831077344
-0.11168654911880535	-0.11144420368825587
-0.11168654911880535	-0.11144475379596436
-0.11168654911880535	-0.11144513620226575
-0.11168654911880535	-0.1114454422418599
-0.11168654911880535	-0.11144567179148634
-0.11168654911880535	-0.11144595394939792
-0.11168654911880535	-0.11144618757325228
-0.11168654911880535	-0.11144631391444815
-0.11168654911880535	-0.11144646623851463
-0.11168654911880535	-0.11144661729793298
-0.11168654911880535	-0.11144676172392877
-0.11168654911880535	-0.11144687606745841
-0.11168654911880535	-0.11144693453056967
-0.11168654911880535	-0.11144697586496834
-0.11168654911880535	-0.11144701182638582
-0.11168654911880535	-0.1114470373325964
-0.11168654911880535	-0.11144704711778568
-0.11168654911880535	-0.11144705470769084
-0.11168654911880535	-0.11144706041310636
-0.11168654911880535	-0.11144706444369411
-0.11168654911880535	-0.11144706691682278
-0.11168654911880535	-0.11144706795996086
-0.11168654911880535	-0.11144707011857485
-0.11168654911880535	-0.11144707214813977
-0.11168654911880535	-0.11144707313682588
-0.11168654911880535	-0.11144707394174197
-0.11168654911880535	-0.11144707444688687
-0.11168654911880535	-0.11144707493721542
-0.11168654911880535	-0.11144707518759255
-0.11168654911880535	-0.11144707549853769
-0.11168654911880535	-0.11144707599044405
-0.11168654911880535	-0.11144707618778721
-0.11168654911880535	-0.1114470764345842
-0.11168654911880535	-0.11144707653261886
-0.11168654911880535	-0.11144707666326124
-0.11168654911880535	-0.11144707678882904
-0.11168654911880535	-0.11144707684024792
-0.11168654911880535	-0.11144707692965877
-0.11168654911880535	-0.11144707692965877
-0.11168654911880535	-0.11145317518525052
-0.11168654911880535	-0.1114567375121994
-0.11168654911880535	-0.11146040377278152
-0.11168654911880535	-0.11146428898652953
-0.11168654911880535	-0.11146833559983116
-0.11168654911880535	-0.11147256156101151
-0.11168654911880535	-0.11147748522363939
-0.11168654911880535	-0.11148085349197655
-0.11168654911880535	-0.11148448314849761
-0.11168654911880535	-0.11148669443961465
-0.11168654911880535	-0.11148878928155834
-0.11168654911880535	-0.1114899765583868
-0.11168654911880535	-0.11149137896170865
-0.11168654911880535	-0.11149314139900979
-0.11168654911880535	-0.11149423432222098
-0.11168654911880535	-0.11149474160485189
-0.11168654911880535	-0.11149540303763991
-0.11168654911880535	-0.11149617660951648
-0.11168654911880535	-0.11149707843753852
-0.11168654911880535	-0.11149767423968522
-0.11168654911880535	-0.11149798240703368
-0.11168654911880535	-0.11149836342629514
-0.11168654911880535	-0.11149862542725804
-0.11168654911880535	-0.11149881507859259
-0.11168654911880535	-0.11149894637964268
-0.11168654911880535	-0.11149900383620034
-0.11168654911880535	-0.11149912155196114
-0.11168654911880535	-0.11149923821352527
-0.11168654911880535	-0.11149932004036017
-0.11168654911880535	-0.11149938183677521
-0.11168654911880535	-0.1114994381341591
-0.11168654911880535	-0.11149945696584558
-0.11168654911880535	-0.11149948385845203
-0.11168654911880535	-0.11149949564774622
-0.11168654911880535	-0.11149950845596945
-0.11168654911880535	-0.1114995171960985
-0.11168654911880535	-0.11149952991636931
-0.11168654911880535	-0.11149954375340748
-0.11168654911880535	-0.11149955670617362
-0.11168654911880535	-0.11149956913391078
-0.11168654911880535	-0.11149958484093495
-0.11168654911880535	-0.11149959253284462
-0.11168654911880535	-0.1114996013400695
-0.11168654911880535	-0.11149961329478708
-0.11168654911880535	-0.11149961874442
-0.11168654911880535	-0.11149962352834954
-0.11168654911880535	-0.11149962630099929
-0.11168654911880535	-0.11149963165298835
-0.11168654911880535	-0.11149963396307522
-0.11168654911880535	-0.1114996408240292
-0.11168654911880535	-0.11149964471542084
-0.11168654911880535	-0.11149965173733574
-0.11168654911880535	-0.11149965605818503
-0.11168654911880535	-0.11149966453773275
-0.11168654911880535	-0.11149966656042208
-0.11168654911880535	-0.11149966809372024
-0.11168654911880535	-0.1114996681859835
-0.11168654911880535	-0.1114996684992402
-0.11168654911880535	-0.11149966853649577
-0.11168654911880535	-0.11149966864465728
-0.11168654911880535	-0.11149966867705025
-0.11168654911880535	-0.11149966875239194
-0.11168654911880535	-0.11149966878155523
-0.11168654911880535	-0.11149966882130419
-0.11168654911880535	-0.11149966882130419
-0.11168654911880535	-0.11150474667866106
-0.11168654911880535	-0.11150714061669438
-0.11168654911880535	-0.111510234989194
-0.11168654911880535	-0.11151334886462747
-0.11168654911880535	-0.11151576686009655
-0.11168654911880535	-0.11151802250749626
-0.11168654911880535	-0.11151949687550808
-0.11168654911880535	-0.11152074066448028
-0.11168654911880535	-0.1115220418868613
-0.11168654911880535	-0.11152336713590347
-0.11168654911880535	-0.11152467357260418
-0.11168654911880535	-0.1115258905748244
-0.11168654911880535	-0.11152799427304554
-0.11168654911880535	-0.11152967470933917
-0.11168654911880535	-0.11153069372694788
-0.11168654911880535	-0.11153175841515224
-0.11168654911880535	-0.11153268070426257
-0.11168654911880535	-0.11153331593980645
-0.11168654911880535	-0.11153385047041835
-0.11168654911880535	-0.11153448149822866
-0.11168654911880535	-0.11153500768727444
-0.11168654911880535	-0.11153557315403632
-0.11168654911880535	-0.11153604105117694
-0.11168654911880535	-0.11153663119895747
-0.11168654911880535	-0.11153707234667622
-0.11168654911880535	-0.1115373990264214
-0.11168654911880535	-0.11153764715179729
-0.11168654911880535	-0.1115379797934539
-0.11168654911880535	-0.11153834443379734
-0.11168654911880535	-0.11153891676730666
-0.11168654911880535	-0.11153950710909304
-0.11168654911880535	-0.1115397971786903
-0.11168654911880535	-0.1115401290333084
-0.11168654911880535	-0.11154036719186088
-0.11168654911880535	-0.1115406088537324
-0.11168654911880535	-0.11154090364882195
-0.11168654911880535	-0.11154126442927845
-0.11168654911880535	-0.1115415877051932
-0.11168654911880535	-0.11154184041459789
-0.11168654911880535	-0.11154212388927187
-0.11168654911880535	-0.1115425605454218
-0.11168654911880535	-0.11154292251324927
-0.11168654911880535	-0.11154313615254431
-0.11168654911880535	-0.11154326817115641
-0.11168654911880535	-0.11154343598444817
-0.11168654911880535	-0.11154369341804272
-0.11168654911880535	-0.11154384963334422
-0.11168654911880535	-0.11154407496776904
-0.11168654911880535	-0.11154432781780939
-0.11168654911880535	-0.1115444836130519
-0.11168654911880535	-0.11154463240276517
-0.11168654911880535	-0.11154472183204264
-0.11168654911880535	-0.11154477632252319
-0.11168654911880535	-0.1115448062400089
-0.11168654911880535	-0.1115448326890571
-0.11168654911880535	-0.11154485527860744
-0.11168654911880535	-0.11154489718945103
-0.11168654911880535	-0.11154491485658174
-0.11168654911880535	-0.11154494928190743
-0.11168654911880535	-0.1115449727600709
-0.11168654911880535	-0.11154498867722276
-0.11168654911880535	-0.11154500599931692
-0.11168654911880535	-0.11154501257219641
-0.11168654911880535	-0.11154501761618599
-0.11168654911880535	-0.11154502365706892
-0.11168654911880535	-0.1115450265743016
-0.11168654911880535	-0.1115450290077395
-0.11168654911880535	-0.11154503217617785
-0.11168654911880535	-0.11154503336198723
-0.11168654911880535	-0.11154503367376443
-0.11168654911880535	-0.11154503437964197
-0.11168654911880535	-0.1115450345211928
-0.11168654911880535	-0.11154503491757639
-0.11168654911880535	-0.11154503503758909
-0.11168654911880535	-0.11154503522988404
-0.11168654911880535	-0.1115450353074374
-0.11168654911880535	-0.11154503544895007
-0.11168654911880535	-0.11154503563966928
-0.11168654911880535	-0.11154503566519948
-0.11168654911880535	-0.11154503579806012
-0.11168654911880535	-0.11154503584387199
-0.11168654911880535	-0.11154503584387199
-0.11168654911880535	-0.11154869841084113
-0.11168654911880535	-0.11155257607812716
-0.11168654911880535	-0.11155525603962198
-0.11168654911880535	-0.11155671316131147
-0.11168654911880535	-0.11155749420610954
-0.11168654911880535	-0.11155832696705895
-0.11168654911880535	-0.11155915740344136
-0.11168654911880535	-0.11155972727466297
-0.11168654911880535	-0.1115604136992294
-0.11168654911880535	-0.11156118436660281
-0.11168654911880535	-0.11156202577866985
-0.11168654911880535	-0.11156309885396248
-0.11168654911880535	-0.11156416262131921
-0.11168654911880535	-0.11156458470270833
-0.11168654911880535	-0.11156528056818085
-0.11168654911880535	-0.1115657737272486
-0.11168654911880535	-0.11156619551876672
-0.11168654911880535	-0.11156673619667482
-0.11168654911880535	-0.11156717413808437
-0.11168654911880535	-0.11156752263606091
-0.11168654911880535	-0.11156767135660277
-0.11168654911880535	-0.1115678161435446
-0.11168654911880535	-0.11156791956772236
-0.11168654911880535	-0.11156801410339673
-0.11168654911880535	-0.11156811418435619
-0.11168654911880535	-0.11156817788593323
-0.11168654911880535	-0.11156825867203132
-0.11168654911880535	-0.11156831359165212
-0.11168654911880535	-0.11156836311612155
-0.11168654911880535	-0.11156839527742235
-0.11168654911880535	-0.11156843779768565
-0.11168654911880535	-0.11156846792286519
-0.11168654911880535	-0.11156850157650791
-0.11168654911880535	-0.1115685140803323
-0.11168654911880535	-0.11156852526545342
-0.11168654911880535	-0.11156853711417164
-0.11168654911880535	-0.1115685457882229
-0.11168654911880535	-0.1115685527480954
-0.11168654911880535	-0.11156855844889045
-0.11168654911880535	-0.11156856499289053
-0.11168654911880535	-0.11156856679537404
-0.11168654911880535	-0.11156856961623866
-0.11168654911880535	-0.11156857175576912
-0.11168654911880535	-0.11156857406545558
-0.11168654911880535	-0.11156857509521435
-0.11168654911880535	-0.11156857618684982
-0.11168654911880535	-0.11156857692895618
-0.11168654911880535	-0.11156857733310924
-0.11168654911880535	-0.11156857745156555
-0.11168654911880535	-0.11156857771148235
-0.11168654911880535	-0.11156857781812689
-0.11168654911880535	-0.11156857806279813
-0.11168654911880535	-0.1115685783049636
-0.11168654911880535	-0.11156857859749524
-0.11168654911880535	-0.11156857877968193
-0.11168654911880535	-0.11156857886438841
-0.11168654911880535	-0.11156857912338945
-0.11168654911880535	-0.11156857918693637
-0.11168654911880535	-0.11156857937819457
-0.11168654911880535	-0.11156857945989275
-0.11168654911880535	-0.1115685795607719
-0.11168654911880535	-0.11156857967385604
-0.11168654911880535	-0.11156857971496646
-0.11168654911880535	-0.11156857971496646
-0.11168654911880535	-0.11157345606568382
-0.11168654911880535	-0.11157766631399563
-0.11168654911880535	-0.1115810203332199
-0.11168654911880535	-0.11158649223486039
-0.11168654911880535	-0.11159321045790649
-0.11168654911880535	-0.11159789521306343
-0.11168654911880535	-0.11160122074277055
-0.11168654911880535	-0.11160490110286421
-0.11168654911880535	-0.11160818352797643
-0.11168654911880535	-0.11161058004076199
-0.11168654911880535	-0.11161232879616761
-0.11168654911880535	-0.11161426402585586
-0.11168654911880535	-0.11161635848668625
-0.11168654911880535	-0.11161826981425452
-0.11168654911880535	-0.11162043576010917
-0.11168654911880535	-0.11162230553792457
-0.11168654911880535	-0.11162426305203337
-0.11168654911880535	-0.1116258056443712
-0.11168654911880535	-0.11162689691052034
-0.11168654911880535	-0.11162770597841462
-0.11168654911880535	-0.11162849539359268
-0.11168654911880535	-0.11162896907378494
-0.11168654911880535	-0.1116295536088949
-0.11168654911880535	-0.11162984201990138
-0.11168654911880535	-0.11163021759583619
-0.11168654911880535	-0.11163047725372865
-0.11168654911880535	-0.11163063876599186
-0.11168654911880535	-0.1116308018118996
-0.11168654911880535	-0.11163089363130468
-0.11168654911880535	-0.11163102720641008
-0.11168654911880535	-0.11163121267340137
-0.11168654911880535	-0.11163132864676525
-0.11168654911880535	-0.11163145135253158
-0.11168654911880535	-0.11163153848004549
-0.11168654911880535	-0.11163160540656993
-0.11168654911880535	-0.11163167792319076
-0.11168654911880535	-0.11163174551638477
-0.11168654911880535	-0.111631815879813
-0.11168654911880535	-0.11163186846306708
-0.11168654911880535	-0.11163192611650186
-0.11168654911880535	-0.11163195710272965
-0.11168654911880535	-0.11163198720729356
-0.11168654911880535	-0.11163200316892567
-0.11168654911880535	-0.11163202065402439
-0.11168654911880535	-0.11163203770138333
-0.11168654911880535	-0.11163205165337382
-0.11168654911880535	-0.11163206950976787
-0.11168654911880535	-0.11163208268452525
-0.11168654911880535	-0.11163211582229082
-0.11168654911880535	-0.11163212349039783
-0.11168654911880535	-0.1116321432966357
-0.11168654911880535	-0.11163214919680378
-0.11168654911880535	-0.1116321561119463
-0.11168654911880535	-0.11163215930247851
-0.11168654911880535	-0.11163216399922372
-0.11168654911880535	-0.11163216574007234
-0.11168654911880535	-0.11163217214426438
-0.11168654911880535	-0.11163217933195743
-0.11168654911880535	-0.11163219176872695
-0.11168654911880535	-0.11163219487558984
-0.11168654911880535	-0.1116322188854563
-0.11168654911880535	-0.11163222354043727
-0.11168654911880535	-0.11163223085540872
-0.11168654911880535	-0.11163223300746429
-0.11168654911880535	-0.11163223459895642
-0.11168654911880535	-0.11163223541451822
-0.11168654911880535	-0.11163223596997862
-0.11168654911880535	-0.11163223677301835
-0.11168654911880535	-0.11163223681988926
-0.11168654911880535	-0.1116322369601259
-0.11168654911880535	-0.11163223697164543
-0.11168654911880535	-0.11163223697164543
-0.11168654911880535	-0.11163429116034342
-0.11168654911880535	-0.11163731083481211
-0.11168654911880535	-0.1116400542925545
-0.11168654911880535	-0.1116423968148254
-0.11168654911880535	-0.11164388879979648
-0.11168654911880535	-0.11164539925806338
-0.11168654911880535	-0.11164715279254549
-0.11168654911880535	-0.1116486673963898
-0.11168654911880535	-0.11165066259137735
-0.11168654911880535	-0.11165184796076527
-0.11168654911880535	-0.11165270105874066
-0.11168654911880535	-0.11165363902658217
-0.11168654911880535	-0.11165432705401553
-0.11168654911880535	-0.1116548576402133
-0.11168654911880535	-0.11165534135858621
-0.11168654911880535	-0.11165587104774494
-0.11168654911880535	-0.11165621145934328
-0.11168654911880535	-0.1116564921806864
-0.11168654911880535	-0.11165682829281688
-0.11168654911880535	-0.11165702574619084
-0.11168654911880535	-0.11165711815977966
-0.11168654911880535	-0.11165725511746047
-0.11168654911880535	-0.11165732663958422
-0.11168654911880535	-0.11165740005702098
-0.11168654911880535	-0.1116574771132335
-0.11168654911880535	-0.11165753180342755
-0.11168654911880535	-0.11165756707358167
-0.11168654911880535	-0.11165761341499462
-0.11168654911880535	-0.1116576510451954
-0.11168654911880535	-0.11165769736851651
-0.11168654911880535	-0.11165776357634095
-0.11168654911880535	-0.11165780066773975
-0.11168654911880535	-0.11165787938214067
-0.11168654911880535	-0.1116579166434499
-0.11168654911880535	-0.11165799766366584
-0.11168654911880535	-0.11165802063707586
-0.11168654911880535	-0.11165804048453185
-0.11168654911880535	-0.11165805959468142
-0.11168654911880535	-0.1116580761787816
-0.11168654911880535	-0.11165808826001991
-0.11168654911880535	-0.11165809678959308
-0.11168654911880535	-0.1116581054811074
-0.11168654911880535	-0.1116581121132082
-0.11168654911880535	-0.1116581167565955
-0.11168654911880535	-0.1116581217961684
-0.11168654911880535	-0.11165812453387612
-0.11168654911880535	-0.11165812870314067
-0.11168654911880535	-0.11165813068445693
-0.11168654911880535	-0.11165813269486599
-0.11168654911880535	-0.11165813330086634
-0.11168654911880535	-0.11165813374125919
-0.11168654911880535	-0.11165813458790842
-0.11168654911880535	-0.1116581350862744
-0.11168654911880535	-0.11165813552457522
-0.11168654911880535	-0.11165813684600186
-0.11168654911880535	-0.11165813716818132
-0.11168654911880535	-0.11165813778524716
-0.11168654911880535	-0.11165813796266491
-0.11168654911880535	-0.11165813927089716
-0.11168654911880535	-0.11165813954678726
-0.11168654911880535	-0.11165814068607127
-0.11168654911880535	-0.1116581408081045
-0.11168654911880535	-0.11165814168578837
-0.11168654911880535	-0.11165814179805938
-0.11168654911880535	-0.11165814254714466
-0.11168654911880535	-0.11165814269457146
-0.11168654911880535	-0.11165814339189585
-0.11168654911880535	-0.11165814349062997
-0.11168654911880535	-0.11165814375081057
-0.11168654911880535	-0.11165814386228272
-0.11168654911880535	-0.11165814407689831
-0.11168654911880535	-0.11165814420743658
-0.11168654911880535	-0.11165814437268855
-0.11168654911880535	-0.11165814437268855
-0.11168654911880535	-0.11165849037449846
-0.11168654911880535	-0.11165909776725916
-0.11168654911880535	-0.11165975218268794
-0.11168654911880535	-0.11166027151912564
-0.11168654911880535	-0.11166089519731011
-0.11168654911880535	-0.11166157895407837
-0.11168654911880535	-0.11166219972196079
-0.11168654911880535	-0.11166268409234892
-0.11168654911880535	-0.11166328444694915
-0.11168654911880535	-0.11166365875156795
-0.11168654911880535	-0.11166389398892626
-0.11168654911880535	-0.11166413720533576
-0.11168654911880535	-0.11166438210583855
-0.11168654911880535	-0.1116646199088027
-0.11168654911880535	-0.11166485196033339
-0.11168654911880535	-0.11166506994136902
-0.11168654911880535	-0.11166535584264017
-0.11168654911880535	-0.11166568095583883
-0.11168654911880535	-0.1116660507948531
-0.11168654911880535	-0.11166647929341762
-0.11168654911880535	-0.11166689055344566
-0.11168654911880535	-0.11166716633171549
-0.11168654911880535	-0.11166737098418339
-0.11168654911880535	-0.11166750298236937
-0.11168654911880535	-0.11166767379693217
-0.11168654911880535	-0.11166783436306163
-0.11168654911880535	-0.11166825997055631
-0.11168654911880535	-0.11166873179268462
-0.11168654911880535	-0.11166898501374063
-0.11168654911880535	-0.1116692459688447
-0.11168654911880535	-0.1116694417994614
-0.11168654911880535	-0.11166972900378003
-0.11168654911880535	-0.11166985957916536
-0.11168654911880535	-0.11167004501620104
-0.11168654911880535	-0.11167013798766763
-0.11168654911880535	-0.1116702645993475
-0.11168654911880535	-0.11167033113832633
-0.11168654911880535	-0.11167038921262125
-0.11168654911880535	-0.11167044991201697
-0.11168654911880535	-0.11167051321631163
-0.11168654911880535	-0.1116705611346129
-0.11168654911880535	-0.11167060910098743
-0.11168654911880535	-0.11167065614423188
-0.11168654911880535	-0.11167075783340132
-0.11168654911880535	-0.11167079883104702
-0.11168654911880535	-0.11167083670058893
-0.11168654911880535	-0.11167088357066958
-0.11168654911880535	-0.1116709302943878
-0.11168654911880535	-0.11167096250319927
-0.11168654911880535	-0.11167098460336441
-0.11168654911880535	-0.11167100495728478
-0.11168654911880535	-0.11167102681560034
-0.11168654911880535	-0.11167103579763386
-0.11168654911880535	-0.11167104625792251
-0.11168654911880535	-0.1116710524239045
-0.11168654911880535	-0.11167105718135349
-0.11168654911880535	-0.11167106128680013
-0.11168654911880535	-0.11167106663577421
-0.11168654911880535	-0.11167107320900566
-0.11168654911880535	-0.11167107757647438
-0.11168654911880535	-0.1116710852793758
-0.11168654911880535	-0.11167109687424862
-0.11168654911880535	-0.11167110632262865
-0.11168654911880535	-0.11167113189777586
-0.11168654911880535	-0.11167114391364391
-0.11168654911880535	-0.11167115511979817
-0.11168654911880535	-0.11167116468112613
-0.11168654911880535	-0.11167116603996423
-0.11168654911880535	-0.11167116925682967
-0.11168654911880535	-0.11167117177704838
-0.11168654911880535	-0.11167117251872419
-0.11168654911880535	-0.11167117408155731
-0.11168654911880535	-0.11167117422933101
-0.11168654911880535	-0.11167117491235433
-0.11168654911880535	-0.11167117506834792
-0.11168654911880535	-0.11167117520233268
-0.11168654911880535	-0.11167117531735225
-0.11168654911880535	-0.1116711754029352
-0.11168654911880535	-0.11167117552276101
-0.11168654911880535	-0.11167117552276101
-0.11168654911880535	-0.11167150475610106
-0.11168654911880535	-0.11167173698050617
-0.11168654911880535	-0.11167190916658526
-0.11168654911880535	-0.11167210363910517
-0.11168654911880535	-0.11167219543047871
-0.11168654911880535	-0.11167226185854619
-0.11168654911880535	-0.11167233325192276
-0.11168654911880535	-0.11167243112021902
-0.11168654911880535	-0.11167253534154167
-0.11168654911880535	-0.11167260104081547
-0.11168654911880535	-0.1116726522408883
-0.11168654911880535	-0.11167269379063244
-0.11168654911880535	-0.11167272289649677
-0.11168654911880535	-0.11167274031183116
-0.11168654911880535	-0.11167276492547329
-0.11168654911880535	-0.11167277891642682
-0.11168654911880535	-0.11167279237642841
-0.11168654911880535	-0.11167280228728264
-0.11168654911880535	-0.1116728128081066
-0.11168654911880535	-0.1116728183623587
-0.11168654911880535	-0.11167282449599424
-0.11168654911880535	-0.11167282920709291
-0.11168654911880535	-0.11167283340862762
-0.11168654911880535	-0.11167283756617845
-0.11168654911880535	-0.11167284305153122
-0.11168654911880535	-0.11167284824658125
-0.11168654911880535	-0.11167285447603353
-0.11168654911880535	-0.1116728625214736
-0.11168654911880535	-0.11167286603151351
-0.11168654911880535	-0.11167286971387935
-0.11168654911880535	-0.11167287333314597
-0.11168654911880535	-0.11167287414191479
-0.11168654911880535	-0.11167287504844531
-0.11168654911880535	-0.11167287661276605
-0.11168654911880535	-0.11167287754984699
-0.11168654911880535	-0.11167287887092846
-0.11168654911880535	-0.11167288041412843
-0.11168654911880535	-0.11167288128161902
-0.11168654911880535	-0.11167288197167155
-0.11168654911880535	-0.11167288349056387
-0.11168654911880535	-0.11167288463694187
-0.11168654911880535	-0.11167288545256994
-0.11168654911880535	-0.11167288707306844
-0.11168654911880535	-0.11167288745414033
-0.11168654911880535	-0.11167288810023188
-0.11168654911880535	-0.11167288842461975
-0.11168654911880535	-0.11167288850127234
-0.11168654911880535	-0.11167288868716442
-0.11168654911880535	-0.11167288871892928
-0.11168654911880535	-0.11167288880979574
-0.11168654911880535	-0.11167288892010617
-0.11168654911880535	-0.11167288896860483
-0.11168654911880535	-0.11167288906010571
-0.11168654911880535	-0.11167288906897414
-0.11168654911880535	-0.11167288906897414
-0.11168654911880535	-0.11167302904394392
-0.11168654911880535	-0.11167320119956828
-0.11168654911880535	-0.11167337529795043
-0.11168654911880535	-0.11167349469153039
-0.11168654911880535	-0.1116735806868539
-0.11168654911880535	-0.11167364907207977
-0.11168654911880535	-0.11167372197662703
-0.11168654911880535	-0.11167377318954544
-0.11168654911880535	-0.11167386293753728
-0.11168654911880535	-0.11167392785489157
-0.11168654911880535	-0.11167403388258533
-0.11168654911880535	-0.111674137391239
-0.11168654911880535	-0.11167420088673402
-0.11168654911880535	-0.1116742527711539
-0.11168654911880535	-0.1116743150701354
-0.11168654911880535	-0.11167435776068146
-0.11168654911880535	-0.11167443786025498
-0.11168654911880535	-0.11167448088254006
-0.11168654911880535	-0.11167451552907229
-0.11168654911880535	-0.1116745534013532
-0.11168654911880535	-0.11167458490239142
-0.11168654911880535	-0.11167462364448752
-0.11168654911880535	-0.1116746681319917
-0.11168654911880535	-0.11167471992929054
-0.11168654911880535	-0.11167475555127107
-0.11168654911880535	-0.11167479145612122
-0.11168654911880535	-0.11167481537660835
-0.11168654911880535	-0.11167483937819471
-0.11168654911880535	-0.11167486371290296
-0.11168654911880535	-0.11167488523563406
-0.11168654911880535	-0.11167491000516055
-0.11168654911880535	-0.11167493543034243
-0.11168654911880535	-0.1116749644899698
-0.11168654911880535	-0.11167499205416856
-0.11168654911880535	-0.11167501375698716
-0.11168654911880535	-0.11167503423654564
-0.11168654911880535	-0.11167504605526128
-0.11168654911880535	-0.11167506433964587
-0.11168654911880535	-0.11167507761284275
-0.11168654911880535	-0.11167508799244384
-0.11168654911880535	-0.11167509778016564
-0.11168654911880535	-0.11167510433306137
-0.11168654911880535	-0.11167511314381742
-0.11168654911880535	-0.11167512660348326
-0.11168654911880535	-0.11167513703601024
-0.11168654911880535	-0.11167515482027122
-0.11168654911880535	-0.11167515885136259
-0.11168654911880535	-0.11167516344254673
-0.11168654911880535	-0.11167516670149435
-0.11168654911880535	-0.11167516868901953
-0.11168654911880535	-0.11167517071769056
-0.11168654911880535	-0.11167517265601708
-0.11168654911880535	-0.11167517393014044
-0.11168654911880535	-0.11167517668657462
-0.11168654911880535	-0.11167517792920191
-0.11168654911880535	-0.1116751794757874
-0.11168654911880535	-0.11167517984102471
-0.11168654911880535	-0.11167518081508457
-0.11168654911880535	-0.11167518102309518
-0.11168654911880535	-0.1116751817387738
-0.11168654911880535	-0.11167518189996066
-0.11168654911880535	-0.11167518248853688
-0.11168654911880535	-0.11167518268932707
-0.11168654911880535	-0.11167518349840543
-0.11168654911880535	-0.11167518366163362
-0.11168654911880535	-0.1116751850044937
-0.11168654911880535	-0.11167518522323568
-0.11168654911880535	-0.11167518695213965
-0.11168654911880535	-0.11167518721413164
-0.11168654911880535	-0.11167518845820563
-0.11168654911880535	-0.11167518866638328
-0.11168654911880535	-0.11167519052309628
-0.11168654911880535	-0.11167519067374036
-0.11168654911880535	-0.11167519238853328
-0.11168654911880535	-0.11167519274177219
-0.11168654911880535	-0.11167519306390666
-0.11168654911880535	-0.11167519338399037
-0.11168654911880535	-0.11167519338399037
-0.11168654911880535	-0.11167539797844032
-0.11168654911880535	-0.11167555043513634
-0.11168654911880535	-0.1116758398521678
-0.11168654911880535	-0.11167620656547388
-0.11168654911880535	-0.11167664486602631
-0.11168654911880535	-0.111676839152002
-0.11168654911880535	-0.11167703930120107
-0.11168654911880535	-0.11167718796156327
-0.11168654911880535	-0.11167731504207877
-0.11168654911880535	-0.11167739095342114
-0.11168654911880535	-0.11167747853146053
-0.11168654911880535	-0.11167754352106743
-0.11168654911880535	-0.11167761617195034
-0.11168654911880535	-0.11167771294885386
-0.11168654911880535	-0.11167778048402338
-0.11168654911880535	-0.1116778330786103
-0.11168654911880535	-0.11167791723468175
-0.11168654911880535	-0.11167798798687945
-0.11168654911880535	-0.1116780893418673
-0.11168654911880535	-0.11167815060967817
-0.11168654911880535	-0.11167820197796301
-0.11168654911880535	-0.11167823343913678
-0.11168654911880535	-0.11167825260040404
-0.11168654911880535	-0.1116782713586083
-0.11168654911880535	-0.11167828122809946
-0.11168654911880535	-0.11167829113754271
-0.11168654911880535	-0.11167830614299722
-0.11168654911880535	-0.11167832769858518
-0.11168654911880535	-0.1116783389344865
-0.11168654911880535	-0.1116783520983649
-0.11168654911880535	-0.1116783769965854
-0.11168654911880535	-0.11167840041712888
-0.11168654911880535	-0.11167841763199052
-0.11168654911880535	-0.1116784403831611
-0.11168654911880535	-0.11167846303613768
-0.11168654911880535	-0.11167847937791753
-0.11168654911880535	-0.11167848733683833
-0.11168654911880535	-0.11167849987039441
-0.11168654911880535	-0.1116785083768585
-0.11168654911880535	-0.11167852340463712
-0.11168654911880535	-0.11167853246928355
-0.11168654911880535	-0.11167854589753183
-0.11168654911880535	-0.111678555754519
-0.11168654911880535	-0.11167856854908424
-0.11168654911880535	-0.11167858783124851
-0.11168654911880535	-0.11167860672830676
-0.11168654911880535	-0.11167861138803693
-0.11168654911880535	-0.11167862221329017
-0.11168654911880535	-0.11167862624476961
-0.11168654911880535	-0.11167863011094599
-0.11168654911880535	-0.11167863518329475
-0.11168654911880535	-0.1116786436818714
-0.11168654911880535	-0.11167864574456744
-0.11168654911880535	-0.11167865155680802
-0.11168654911880535	-0.11167865364085118
-0.11168654911880535	-0.11167865661786014
-0.11168654911880535	-0.11167865784411678
-0.11168654911880535	-0.11167866030922555
-0.11168654911880535	-0.1116786612350544
-0.11168654911880535	-0.11167866302878839
-0.11168654911880535	-0.11167866359374945
-0.11168654911880535	-0.11167866439165253
-0.11168654911880535	-0.1116786645291965
-0.11168654911880535	-0.11167866502601974
-0.11168654911880535	-0.1116786651336765
-0.11168654911880535	-0.11167866560684403
-0.11168654911880535	-0.11167866573159171
-0.11168654911880535	-0.11167866632600287
-0.11168654911880535	-0.11167866650850605
-0.11168654911880535	-0.11167866789568541
-0.11168654911880535	-0.1116786679759776
-0.11168654911880535	-0.11167866883048123
-0.11168654911880535	-0.11167866911524307
-0.11168654911880535	-0.1116786703787556
-0.11168654911880535	-0.11167867134506516
-0.11168654911880535	-0.11167867158939526
-0.11168654911880535	-0.1116786727220713
-0.11168654911880535	-0.11167867281627827
-0.11168654911880535	-0.11167867380340721
-0.11168654911880535	-0.11167867394715406
-0.11168654911880535	-0.111678675060254
-0.11168654911880535	-0.11167867565113415
-0.11168654911880535	-0.11167867568184162
-0.11168654911880535	-0.11167867616632056
-0.11168654911880535	-0.11167867626494506
-0.11168654911880535	-0.11167867635992228
-0.11168654911880535	-0.11167867648970208
